First Frag                   Second Frag
[98887040 98894032] [102695300 102696151]
[98985126 98989333] [103132818 103135728]
[99014523 99017988] [103112153 103112971]
[99132880 99146817] [102990548 102991863]
[99146818 99151799] [102604557 102611539]
[99253548 99261921] [102750025 102756585]
[99404545 99422364] [102339048 102341166]
[100387497 100388737] [102426216 102427560]
[100663880 100664700] [102584726 102585937]
[100812570 100820556] [101180230 101181673]
[101108892 101114516] [102128146 102133566]
[102309799 102319062] [99459974 99463306]
[103151867 103154043] [99811086 99811253]
[103220529 103240295] [99811086 99811253]
[103365838 103374008] [99811086 99811253]
